14 54 71 232 89 45 53 81 74 8 18 67 88 37 54 237 61 230 115 64 89 0 30 63 83 92 230 39 16 50 
51 75 4 29 225 36 247 60 24 1 26 80 230 8 9 122 195 8 236 238 80 19 55 236 62 16 8 84 32 29 
64 225 39 245 28 16 3 29 1 51 89 11 30 73 15 53 20 224 90 84 20 61 8 34 44 42 64 113 227 81 
69 68 11 23 29 92 27 33 52 46 2 28 58 14 238 115 115 33 92 64 36 240 235 115 60 240 6 226 4 12 
34 1 94 66 11 7 239 33 22 77 89 53 232 35 56 69 47 66 40 44 24 54 228 37 54 40 76 69 13 227 
4 59 69 46 2 104 231 235 0 90 8 11 54 15 6 66 230 227 66 0 82 23 239 4 164 47 62 67 17 61 
88 30 8 41 33 66 2 6 61 112 3 8 69 229 48 31 90 82 18 237 8 24 226 47 18 11 33 27 23 27 
234 11 52 41 87 57 71 23 19 35 7 19 63 20 58 19 87 233 237 31 80 35 3 65 71 70 92 5 38 22 
12 48 11 53 92 32 81 55 58 5 24 81 238 21 74 2 55 35 65 76 2 58 8 23 30 27 79 23 89 94 
85 12 62 19 232 2 70 50 11 11 236 9 54 37 66 36 59 228 45 29 93 6 14 32 62 26 12 102 239 72 
225 89 70 74 88 42 106 12 80 71 19 16 8 79 107 23 3 34 29 46 122 84 80 43 43 32 92 67 58 250 
236 88 234 32 14 48 5 9 14 23 37 0 87 57 237 167 52 42 237 49 16 1 56 63 255 124 88 239 31 17 
1 48 84 36 35 28 13 44 65 241 5 5 127 116 81 13 51 84 64 51 47 16 56 236 23 39 95 88 20 225 
5 241 47 56 7 32 234 43 25 226 74 7 229 60 20 33 40 53 78 40 39 242 90 8 251 64 28 49 38 166 
13 23 39 47 83 6 57 84 22 61 5 10 84 27 31 17 68 48 90 227 125 73 50 67 27 31 51 20 11 27 
11 79 7 15 7 31 233 44 32 14 31 160 94 75 39 46 80 32 27 93 73 49 16 228 41 72 44 16 7 48 
16 10 49 72 8 15 34 127 230 10 19 47 12 16 23 79 227 246 61 26 93 56 235 65 76 168 232 47 43 5 
10 25 232 60 88 64 10 2 59 19 35 69 114 230 228 39 43 246 116 52 51 22 49 230 59 94 15 0 23 92 
84 82 12 44 235 69 83 14 15 120 17 29 11 7 7 224 30 75 244 59 6 6 7 56 84 50 68 33 230 249 
9 231 88 83 83 238 74 52 25 13 225 53 78 72 28 55 58 27 43 10 19 97 39 56 62 39 18 18 25 31 
15 6 13 9 251 79 45 80 36 2 44 95 246 70 60 57 12 43 95 26 85 50 7 26 49 243 53 3 252 234 
55 29 57 18 22 5 88 79 72 33 114 53 238 30 6 2 68 92 22 46 73 66 37 76 7 25 84 50 29 41 
74 9 0 230 62 95 22 30 21 85 64 69 243 89 76 42 106 119 228 229 39 17 96 43 234 245 58 229 59 237 
41 1 22 22 86 93 42 55 42 96 91 238 57 236 237 49 24 63 224 104 24 92 59 68 91 57 31 229 50 50 
228 16 35 55 0 3 3 69 42 30 47 43 41 73 63 84 237 90 3 123 62 8 49 27 98 92 253 0 80 9 
45 86 13 75 6 24 32 50 73 49 42 49 13 95 84 31 41 92 63 15 37 35 92 43 32 3 125 22 0 243 
44 36 81 85 232 37 55 8 57 26 124 235 13 5 0 92 62 8 15 63 15 14 90 22 88 59 17 31 68 72 
73 56 4 4 77 38 46 236 55 89 89 79 33 45 86 36 32 16 93 106 57 231 10 15 57 87 243 71 7 12 
231 45 29 31 16 56 7 89 15 67 57 87 94 0 56 16 116 72 93 45 88 2 73 247 68 5 38 5 225 29 
225 49 87 10 233 83 7 20 58 113 19 23 41 85 45 0 16 87 164 84 10 31 66 91 25 11 87 45 238 52 
44 22 85 52 47 2 88 28 32 43 10 92 23 163 88 41 30 21 6 243 37 85 15 5 54 94 22 92 28 95 
227 24 22 77 248 11 4 62 84 6 41 110 83 89 39 29 21 47 85 46 21 90 67 237 168 31 35 35 29 28 
0 29 224 65 62 23 78 24 25 44 6 30 75 61 27 86 38 249 14 62 20 41 84 74 32 238 21 13 12 32 
50 233 2 25 50 25 3 60 88 25 19 2 68 26 92 27 88 72 37 234 20 12 41 9 39 170 234 83 226 60 
58 54 54 58 115 46 50 234 63 14 67 5 8 32 75 51 44 56 42 25 41 45 91 41 17 34 225 35 68 106 
24 4 17 86 20 3 31 95 87 31 43 20 60 93 60 27 37 122 75 55 53 15 24 68 90 62 8 52 28 61 
33 242 251 37 11 46 85 21 30 119 37 58 63 14 95 75 32 48 55 10 65 85 231 32 231 57 20 227 90 74 
81 10 85 88 58 60 73 18 33 57 124 18 58 43 20 168 48 91 59 9 231 27 36 29 14 81 32 46 26 50 
27 81 32 47 73 23 35 43 81 42 20 29 104 18 240 60 69 93 240 94 90 28 44 238 20 57 11 59 89 58 
95 87 49 229 32 49 22 238 19 26 74 75 36 17 44 239 93 8 34 240 53 230 84 125 58 0 20 70 47 38 
0 40 251 82 33 4 247 113 80 26 85 93 63 88 30 48 233 236 62 73 227 230 49 35 67 47 7 121 65 69 
20 89 246 49 47 0 14 90 19 115 227 70 228 15 33 30 27 11 14 23 0 15 57 31 23 5 82 21 5 0 
126 48 30 24 50 87 23 227 65 46 2 47 8 123 227 14 86 65 8 1 81 53 119 20 224 224 238 225 94 17 
83 50 88 233 54 15 81 59 8 58 165 29 40 36 34 47 64 32 10 71 5 55 236 236 57 45 49 7 11 56 
7 227 44 24 13 250 86 73 106 70 22 39 84 33 21 19 42 76 40 64 80 73 91 35 226 36 91 9 49 89 
45 60 35 10 30 90 48 15 108 62 38 237 13 23 9 67 73 80 253 111 30 18 19 53 5 65 41 228 228 236 
239 34 250 33 18 49 27 17 88 76 228 52 52 244 111 82 26 33 84 51 249 81 79 227 61 49 58 62 8 56 
52 231 243 54 39 12 8 1 15 47 84 79 15 28 30 35 92 2 34 100 76 38 50 239 236 6 29 226 17 95 
18 26 66 57 93 76 86 13 33 59 12 10 38 167 228 244 56 39 24 21 61 94 81 17 88 161 11 44 2 30 
224 93 65 77 250 64 34 47 12 56 42 3 35 95 77 13 4 55 45 75 120 85 16 94 38 228 79 46 5 85 
127 58 79 19 81 248 91 3 68 34 62 17 119 225 71 7 25 12 14 49 31 76 166 51 245 243 233 53 35 114 
1 66 77 93 26 50 42 13 56 23 23 19 14 24 29 7 36 12 44 25 236 238 117 11 26 55 8 93 1 76 
22 1 44 93 229 90 3 20 168 38 14 39 89 228 57 18 60 160 200 28 50 29 69 78 78 14 225 79 76 29 
11 20 21 81 47 56 88 14 78 42 34 125 239 36 38 67 24 60 34 79 14 161 70 68 52 3 2 47 233 253 
67 235 43 16 120 50 42 2 25 45 91 94 12 54 13 88 77 11 94 44 19 7 41 18 238 50 240 63 65 85 
0 42 82 85 62 8 54 27 11 224 7 75 87 62 32 28 22 76 9 58 92 15 1 89 51 59 89 119 13 91 
56 230 60 28 82 68 48 26 90 1 242 105 48 50 18 86 20 62 26 224 94 17 32 169 234 242 10 25 45 88 
125 84 20 10 21 46 244 3 95 9 8 61 237 83 30 224 77 245 88 72 2 6 86 161 52 46 80 38 73 235 
12 33 29 254 16 23 2 1 85 22 52 17 54 37 47 63 6 247 50 71 19 49 19 245 100 45 8 58 52 23 
1 94 61 81 67 63 60 0 62 94 40 3 11 29 65 62 238 24 104 36 80 75 36 30 15 13 50 55 62 43 
45 70 80 64 236 19 12 92 14 39 4 170 23 1 12 64 9 82 7 34 54 105 17 15 34 244 94 161 85 247 
20 85 46 43 52 30 92 224 25 83 81 6 106 35 227 40 62 14 233 53 68 75 37 90 28 92 60 239 118 20 
55 43 69 61 90 53 124 5 20 43 230 91 60 23 249 45 43 19 72 83 57 10 49 43 249 42 83 27 81 61 
86 88 38 95 76 12 228 68 10 32 50 47 89 26 65 48 52 41 43 49 34 6 160 27 230 69 58 81 45 33 
28 88 92 25 243 31 120 83 36 248 88 61 30 224 38 32 52 43 16 162 54 38 63 16 80 17 238 91 14 20 
15 82 43 85 8 24 89 26 117 46 95 234 14 3 51 34 238 94 40 10 74 27 36 79 90 43 53 52 18 85 
57 9 60 28 237 51 27 38 65 39 23 63 19 18 226 69 95 163 59 49 1 44 31 77 7 60 85 63 93 94 
24 248 45 93 7 226 67 11 59 60 27 91 73 239 251 3 19 23 63 93 74 46 92 19 69 85 255 107 29 26 
85 10 32 35 66 2 114 99 65 25 3 17 41 82 84 244 6 66 5 170 81 90 224 20 90 35 7 28 78 24 
63 32 71 2 78 60 228 85 90 27 57 250 20 84 85 1 44 58 251 15 45 17 19 72 70 24 46 60 87 91 
227 228 86 87 25 55 118 40 40 6 84 67 21 59 81 21 46 38 47 9 201 55 2 68 5 40 79 35 100 50 
1 47 88 12 53 54 236 92 2 21 116 84 29 92 65 18 58 78 102 29 95 15 95 52 74 8 62 58 94 76 
66 22 37 45 1 235 10 42 70 35 98 27 72 54 13 49 44 41 243 62 56 6 80 68 118 23 18 75 62 113 
84 20 30 89 50 54 6 57 2 4 233 95 18 6 82 14 92 8 69 16 3 77 48 23 28 94 116 79 51 93 
30 48 6 20 1 96 11 52 46 23 16 89 82 109 25 73 67 26 63 65 47 86 89 76 24 55 17 234 72 55 
49 49 37 79 17 231 111 85 14 30 77 38 241 57 31 68 54 59 21 28 49 40 31 244 82 89 53 29 160 230 
93 239 37 13 15 53 5 56 95 34 233 244 17 38 51 0 93 39 45 9 46 1 56 39 88 81 249 67 233 14 
9 57 22 87 24 48 59 68 82 16 9 92 22 57 12 240 79 25 69 14 6 244 84 92 10 12 50 14 62 35 
30 11 11 31 87 63 61 15 224 93 67 9 15 168 72 34 66 48 8 25 49 49 66 50 91 31 75 25 54 91 
13 59 42 93 39 30 70 61 34 3 118 82 69 6 93 93 104 74 5 30 88 21 38 91 82 243 23 29 48 4 
106 244 35 48 56 23 164 51 36 57 74 241 90 92 72 46 59 22 245 164 111 30 11 92 18 1 33 75 95 228 
64 48 84 79 63 81 21 30 67 110 4 32 58 94 59 40 126 227 3 73 10 67 251 59 40 4 47 54 80 78 
26 45 90 3 252 14 44 4 56 64 70 36 46 43 94 21 72 16 24 37 235 47 40 95 26 33 15 2 33 65 
18 35 85 233 1 34 40 29 238 237 59 160 86 54 0 56 38 82 93 85 81 87 45 7 3 13 73 53 32 31 
42 60 72 74 21 65 13 59 22 55 93 70 101 39 27 92 76 231 238 55 8 61 62 81 43 69 32 79 23 246 
3 34 40 1 37 92 44 33 26 122 235 30 4 43 78 56 232 241 41 49 67 32 49 57 251 32 44 50 95 43 
6 84 42 40 4 25 86 53 14 41 43 243 254 92 50 19 58 42 23 27 58 62 78 78 49 1 56 21 41 227 
74 82 9 239 36 229 243 34 94 80 59 20 61 14 87 71 50 63 231 238 61 91 27 81 16 57 86 25 230 90 
31 238 10 57 69 86 61 43 87 3 112 24 23 88 75 95 91 84 112 37 34 245 3 27 86 25 41 234 45 30 
231 39 25 53 16 14 60 49 33 27 35 17 58 58 85 36 224 34 65 24 26 37 29 82 31 245 47 60 90 118 
20 74 14 254 224 47 15 95 29 53 58 28 17 46 25 9 35 79 3 41 83 236 89 30 10 88 229 93 44 244 
239 238 12 240 13 9 85 80 2 16 1 83 17 70 117 67 84 71 8 235 89 13 17 61 48 68 61 8 12 30 
26 86 44 31 126 43 0 48 9 79 5 28 3 227 15 77 80 26 15 226 42 40 23 237 252 94 71 12 56 67 
28 61 241 19 83 33 168 233 36 26 86 7 248 48 93 87 26 165 70 0 30 50 84 85 90 17 81 25 36 
235 29 63 84 236 15 234 52 26 9 124 80 47 241 17 21 36 226 79 91 85 62 73 232 87 107 91 14 30 51 
114 65 62 47 83 41 227 50 236 86 59 94 101 24 94 254 253 44 59 78 95 11 81 51 36 109 33 74 64 29 
53 42 10 230 50 24 61 32 10 22 46 83 70 17 5 82 19 21 20 224 85 62 81 0 62 34 13 71 66 75 
29 0 92 88 19 95 60 27 83 48 12 59 73 38 57 40 245 86 37 69 79 59 226 89 54 29 237 31 8 52 
45 36 87 82 74 30 18 4 37 89 52 23 77 68 42 26 125 19 15 53 10 18 60 74 7 95 91 231 62 48 
12 5 24 88 45 19 31 57 87 89 37 224 35 24 51 55 12 72 43 39 14 24 56 16 65 93 90 236 25 0 
69 59 24 29 241 87 39 53 56 11 4 70 9 127 0 17 31 20 37 7 11 46 25 88 16 44 235 89 41 40 
1 10 74 45 11 9 38 8 45 47 21 37 86 45 29 7 10 122 8 21 47 91 68 56 164 21 11 19 46 32 
43 57 93 13 93 1 93 65 51 93 33 37 13 227 62 61 66 21 45 63 85 125 30 68 228 238 34 37 93 45 
74 27 92 39 45 13 28 69 7 38 57 54 46 64 45 238 40 83 229 19 17 38 43 23 170 114 235 57 4 16 
231 1 95 2 21 53 32 48 87 75 65 8 228 77 14 26 32 68 24 230 35 37 255 127 52 5 47 35 75 45 
29 86 60 19 32 35 70 7 29 57 227 64 85 64 43 11 57 44 39 245 82 34 45 61 235 56 67 238 44 22 
41 51 42 82 31 60 27 8 17 227 62 26 37 82 14 50 62 117 224 28 23 71 63 85 7 18 38 18 13 61 
33 11 53 238 26 10 83 53 34 46 53 3 57 5 23 12 79 49 4 235 3 45 66 80 88 54 125 90 43 242 
30 85 56 9 65 94 251 28 70 15 47 15 250 250 236 73 30 77 78 73 81 4 82 232 36 90 54 106 65 6 
225 249 44 238 14 16 20 37 20 231 236 19 21 92 65 47 233 1 9 47 31 15 167 56 40 12 94 238 94 4 
53 38 41 30 11 42 95 72 106 48 81 4 31 76 22 55 47 84 2 230 247 11 49 160 53 37 25 11 22 26 
38 14 94 31 12 46 77 117 40 239 17 85 47 239 226 71 32 30 71 82 8 92 29 169 3 86 60 22 42 75 
42 20 255 46 50 101 230 4 7 94 82 59 36 69 92 54 74 127 40 79 58 67 5 29 82 21 47 17 25 232 
95 2 229 90 75 19 0 6 54 64 239 16 21 16 2 86 95 11 12 1 0 51 161 203 239 93 54 52 72 74 
27 18 28 88 91 73 90 94 3 58 9 3 127 45 23 84 7 44 45 73 8 64 85 23 42 60 34 11 237 79 
22 19 64 14 22 50 67 92 0 24 72 42 165 91 54 61 38 41 10 228 64 93 237 40 15 43 12 39 21 54 
64 17 37 12 224 33 25 70 74 29 228 49 19 23 3 86 52 44 39 45 29 51 85 85 94 87 6 36 94 10 
22 39 45 94 84 89 83 0 46 16 2 8 117 226 35 1 7 25 85 84 16 249 28 229 24 66 14 56 36 86 
13 64 55 50 3 69 249 69 36 26 29 9 10 84 90 49 1 66 68 33 49 70 79 77 16 86 42 228 240 90 
7 238 77 74 225 46 87 30 49 60 22 54 49 49 52 35 62 73 84 89 229 72 49 119 8 86 60 44 27 47 
231 88 3 41 75 54 86 82 37 85 44 52 6 48 79 2 1 228 51 35 41 27 94 14 33 89 2 92 47 37 
94 99 25 68 17 73 12 68 73 66 50 35 126 27 50 49 8 87 61 63 57 29 31 53 55 228 22 90 43 53 
81 0 10 58 38 76 80 59 88 82 7 42 86 54 240 79 92 234 88 164 40 56 245 252 168 118 65 92 53 33 
60 20 19 11 229 17 39 89 50 5 90 48 170 45 3 71 12 81 6 0 9 242 16 84 48 2 88 95 87 19 
16 240 55 12 88 35 17 82 0 229 1 93 8 62 47 26 93 249 29 104 6 92 27 3 240 8 8 85 229 41 
2 236 0 241 70 45 3 65 35 21 27 166 252 7 235 61 94 84 232 90 63 62 229 50 251 65 121 26 6 11 
12 41 39 66 50 249 62 251 61 70 85 68 228 94 73 27 4 44 237 36 81 0 227 240 92 20 19 76 37 75 
87 65 35 95 5 30 8 4 1 168 1 60 6 86 39 232 238 84 50 32 81 20 36 61 84 50 14 19 63 45 
74 77 24 22 53 65 31 93 8 78 49 237 35 12 22 80 109 81 37 65 94 6 14 77 205 14 95 55 8 227 
45 83 28 62 34 6 90 94 238 7 49 12 20 83 5 19 24 0 6 62 74 32 9 75 32 6 234 19 18 64 
231 51 92 28 67 8 22 11 230 170 85 26 15 90 88 36 62 11 16 238 71 0 71 104 60 52 94 28 91 12 
84 52 80 94 226 42 24 17 13 32 52 46 75 83 6 44 77 121 4 42 10 2 66 46 34 91 37 35 233 90 
50 82 33 36 7 17 92 7 225 94 238 6 57 29 5 25 233 39 27 100 19 48 1 31 56 52 16 40 31 14 
44 238 43 53 82 51 41 43 89 93 28 105 89 47 72 59 84 88 79 113 84 253 73 40 86 7 82 227 51 161 
23 39 43 39 47 17 13 245 233 28 86 10 57 16 69 16 36 11 92 75 12 28 87 8 113 228 34 53 25 39 
195 37 80 236 63 19 44 12 36 88 80 58 229 36 29 60 13 121 17 72 10 7 56 38 49 86 32 64 54 21 
22 225 28 39 13 43 1 6 80 20 93 226 41 11 11 235 30 18 10 58 53 75 33 4 6 79 59 83 60 78 
80 87 70 49 61 77 46 52 85 41 10 40 30 232 29 80 0 126 17 72 37 37 40 2 82 55 113 90 52 42 
28 10 19 22 62 64 78 64 36 33 66 6 29 52 24 84 33 22 2 32 250 3 31 122 66 58 8 242 224 26 
16 29 48 56 2 245 27 12 8 239 70 18 89 49 91 85 56 35 230 34 161 45 86 85 9 226 60 98 65 57 
10 61 19 9 228 56 76 14 237 56 56 70 84 90 3 90 65 238 23 113 81 59 9 10 3 30 21 244 81 89 
45 73 68 9 42 25 101 84 37 7 0 59 35 25 87 88 64 62 23 90 10 69 12 92 56 17 77 226 17 65 
235 16 15 230 58 3 28 75 53 235 89 24 69 228 40 68 28 13 91 0 55 19 31 92 22 10 49 36 54 25 
193 85 239 13 25 20 62 36 57 37 7 162 2 88 26 37 73 27 19 92 39 87 29 92 91 53 37 15 11 239 
14 29 81 5 86 72 94 57 85 126 4 78 44 241 4 87 82 48 22 71 63 80 11 30 54 55 12 23 89 28 
126 90 25 37 10 94 21 43 70 245 19 10 9 76 239 8 232 71 4 239 16 25 115 36 70 75 1 20 1 122 
59 86 241 38 57 0 8 52 61 60 64 2 50 237 32 22 103 33 31 11 26 20 19 8 2 2 83 11 8 226 
73 18 50 27 97 201 10 12 246 239 10 10 12 15 23 250 98 235 56 94 38 22 25 69 38 112 26 255 95 230 
44 87 17 75 4 0 21 45 79 42 235 24 237 65 56 108 46 58 2 58 40 29 26 49 30 239 231 80 235 171 
58 67 83 40 33 20 89 59 62 54 68 109 44 94 30 88 46 51 83 55 2 41 48 51 31 33 22 4 87 106 
41 95 59 250 233 39 26 232 6 90 59 68 23 84 92 62 91 13 241 26 83 53 28 120 83 9 21 57 45 46 
7 74 18 46 224 27 23 19 30 78 18 78 35 34 169 86 12 228 18 14 55 88 43 36 225 3 111 233 63 48 
60 8 41 1 33 9 14 247 47 37 228 242 32 50 52 68 83 45 63 231 31 52 85 60 123 39 38 19 16 9 
18 232 74 51 8 89 3 87 167 25 231 76 79 33 51 105 10 32 3 26 11 4 90 246 53 81 50 91 18 25 
14 61 79 224 63 86 82 60 244 15 41 228 53 52 85 18 14 58 79 47 38 246 163 10 43 62 12 91 8 90 
87 243 49 92 51 228 28 15 82 52 38 35 45 6 81 57 92 21 37 39 78 49 77 2 25 22 59 95 24 31 
83 71 22 34 24 39 57 233 226 91 71 61 116 225 231 2 61 9 90 49 52 230 45 19 102 86 48 4 18 14 
35 10 6 67 25 53 57 29 94 11 85 67 34 58 59 237 43 67 88 245 85 64 30 27 59 92 54 71 13 17 
34 16 3 48 224 59 72 18 230 18 15 22 59 30 246 171 235 230 246 2 84 94 249 164 89 227 61 51 76 42 
70 52 5 250 166 85 86 58 67 83 44 254 21 75 236 50 254 51 69 235 44 39 0 52 8 17 33 62 80 6 
20 36 19 64 17 43 41 22 1 124 39 10 6 82 115 46 232 18 17 50 56 90 108 2 12 4 14 43 225 91 
37 17 25 34 92 87 59 16 93 92 10 55 28 61 66 30 242 62 34 55 127 238 51 78 2 40 86 27 45 21 
46 76 46 55 59 67 75 13 11 27 52 12 48 14 75 25 86 20 19 14 160 60 35 76 41 46 20 83 12 70 
13 44 63 8 86 14 227 46 90 91 100 19 53 82 21 56 68 66 86 62 105 236 41 74 14 239 86 30 48 83 
25 60 16 12 11 36 35 28 1 34 115 225 13 46 18 85 39 35 88 97 32 2 11 2 228 86 50 38 94 95 
44 23 90 17 85 61 75 11 22 2 94 37 52 24 9 100 36 91 18 94 93 110 89 93 29 42 7 16 88 11 
33 58 23 95 243 8 85 228 0 27 48 80 0 38 63 90 92 60 81 0 22 60 238 0 17 78 53 24 243 58 
16 237 51 230 91 0 48 18 231 19 30 22 29 94 46 39 11 70 69 243 88 57 65 24 51 15 90 91 36 27 
51 232 1 48 244 87 8 57 84 87 87 52 6 66 42 59 13 3 230 229 5 61 13 45 21 28 8 51 55 162 
85 27 226 8 43 21 99 196 236 34 71 20 4 0 18 77 75 101 8 4 27 90 71 34 86 9 58 234 24 71 
123 90 66 21 65 93 84 65 21 65 93 80 21 69 84 71 65 76 21 92 70 21 95 64 88 69 92 91 82 63 
8 100 235 73 53 20 76 80 17 3 167 24 81 55 7 25 48 27 236 87 9 58 9 41 234 63 24 6 14 85 
45 57 94 87 20 51 89 232 14 255 251 19 51 6 51 234 25 227 35 7 123 72 20 87 30 90 61 231 58 31 
82 231 60 29 83 51 8 70 36 60 66 45 62 27 55 75 82 9 84 57 3 227 25 92 4 28 37 27 124 4 
47 60 44 40 39 58 18 82 11 72 47 24 52 13 86 93 31 232 71 53 71 79 74 1 46 26 19 80 37 35 
35 52 15 57 6 78 48 106 8 25 77 84 70 71 82 46 20 67 4 29 94 232 31 90 24 65 94 52 164 95 
71 90 57 38 55 86 87 87 115 10 12 74 81 123 40 33 4 14 23 9 224 40 7 21 88 2 31 22 76 84 
16 11 33 53 25 5 5 38 66 84 0 86 24 245 17 82 19 97 37 55 14 239 39 56 62 69 53 1 24 237 
57 71 69 41 20 224 34 63 29 4 9 67 49 60 25 63 41 91 34 30 87 62 27 87 35 57 29 9 13 31 
44 51 20 24 89 57 43 4 21 94 61 78 57 59 50 37 38 238 62 88 29 27 61 104 23 55 77 12 8 91 
194 234 88 33 32 15 27 117 91 45 19 19 15 4 226 102 37 234 58 91 30 55 20 77 62 71 60 36 3 13 
238 21 2 93 32 25 247 87 48 94 63 1 14 42 69 58 32 95 25 25 57 30 26 4 232 109 26 53 1 25 
26 91 235 73 70 24 15 224 0 42 3 26 5 11 65 229 22 76 88 121 80 33 225 228 92 89 226 73 92 32 
17 33 57 79 30 56 28 54 71 0 91 115 38 37 5 20 39 43 85 37 10 73 24 59 229 69 75 165 24 235 
30 229 89 54 16 42 70 93 80 4 55 31 46 56 47 29 3 20 79 23 13 43 14 237 4 46 227 65 235 25 
236 16 20 239 63 241 39 44 52 8 34 10 65 22 55 8 20 11 46 52 14 80 92 86 12 30 76 248 39 4 
39 75 52 26 69 74 39 160 38 52 8 41 46 54 44 32 28 4 1 70 32 73 82 59 45 85 229 19 45 84 
226 89 3 44 68 75 9 30 46 73 32 2 63 26 124 228 9 8 37 82 40 227 111 15 36 36 57 75 60 72 
52 19 12 248 34 63 35 8 72 19 231 69 224 6 83 26 30 70 75 0 94 14 30 228 5 65 63 226 43 78 
74 242 1 8 12 9 40 66 12 45 73 31 110 81 33 228 81 34 59 7 13 238 84 36 75 62 252 71 10 14 
119 28 22 31 121 93 248 28 34 16 20 8 70 90 231 239 12 6 4 115 62 224 58 32 86 12 21 18 242 23 
47 58 20 44 65 85 7 58 32 15 4 22 108 86 86 52 2 10 89 234 4 36 79 247 65 60 75 193 8 88 
36 13 71 82 229 250 90 78 28 226 85 80 86 2 229 93 76 87 94 43 89 245 43 78 12 10 11 70 64 25 
33 52 25 39 243 56 2 50 57 103 7 35 42 228 36 234 18 63 91 55 29 79 101 226 71 29 251 237 230 17 
225 14 28 59 29 77 40 8 92 9 31 19 91 88 87 9 51 44 86 19 78 72 68 85 47 69 235 65 23 42 
63 27 90 52 63 3 72 50 25 59 21 60 72 47 23 5 57 47 2 31 95 9 83 41 12 76 67 49 43 54 
56 16 22 26 234 112 1 251 93 80 43 40 89 69 37 93 78 248 1 49 87 45 44 46 89 115 14 44 48 53 
77 89 5 46 31 34 66 64 61 68 10 19 38 62 29 45 234 6 18 18 94 22 3 59 24 8 52 3 8 41 
2 41 23 24 13 7 71 76 41 95 121 62 66 39 75 14 30 22 88 16 54 34 92 18 17 228 30 4 4 47 
236 43 65 5 79 42 95 86 6 94 94 14 31 86 225 62 10 112 46 27 47 33 55 2 14 54 58 42 226 164 
83 8 90 59 52 231 90 28 170 46 93 3 31 38 31 95 4 67 80 49 47 55 69 93 73 63 19 31 55 70 
12 41 95 23 36 233 11 0 26 78 1 93 39 9 26 11 50 86 48 44 48 61 81 160 89 86 230 51 21 49 
228 43 49 92 226 31 13 239 56 20 77 32 36 40 69 250 63 59 59 12 232 244 251 45 49 237 29 84 19 75 
41 87 2 49 65 51 93 53 55 40 19 38 59 70 88 26 246 83 90 22 64 77 11 79 241 42 32 118 72 236 
228 66 30 48 29 226 92 67 1 12 80 78 15 86 47 32 24 66 28 225 55 68 59 65 19 75 95 84 32 71 
12 86 0 41 78 8 92 29 54 34 41 44 72 13 38 18 19 224 92 19 52 56 81 8 193 69 243 9 6 18 
6 45 46 2 38 116 4 36 31 73 102 230 224 16 5 45 50 36 231 40 86 16 11 29 34 246 90 48 232 99 
50 73 80 57 71 0 225 26 1 32 26 5 100 82 87 6 241 1 63 53 51 25 7 107 76 13 1 90 46 36 
42 27 232 14 32 19 87 21 34 72 59 30 32 50 26 78 3 40 93 33 26 68 77 17 57 36 232 244 26 31 
39 25 58 226 48 34 8 231 48 16 234 161 41 32 1 4 87 55 1 62 16 228 116 90 237 44 16 91 37 251 
27 19 93 70 234 239 16 62 29 51 10 20 51 122 42 67 2 68 28 22 49 237 7 231 16 12 116 58 14 53 
26 9 87 17 92 41 59 28 13 232 83 36 91 91 24 226 225 45 40 66 27 50 48 36 93 123 74 85 243 85 
231 54 14 43 56 70 32 42 41 38 250 73 94 51 2 237 6 77 18 122 23 52 58 31 17 3 43 64 232 245 
6 232 249 10 49 24 56 28 84 20 21 125 20 52 5 2 16 54 62 48 80 5 17 160 10 61 86 225 4 56 
48 2 25 49 247 25 62 37 160 84 14 245 38 88 53 9 41 56 9 116 251 3 91 26 93 44 4 41 89 199 
21 27 12 36 5 45 14 86 2 84 4 57 14 90 57 9 237 236 13 3 7 15 4 12 255 113 8 37 54 62 
42 35 40 18 11 34 3 50 8 16 19 74 12 10 14 243 11 37 70 11 236 1 28 30 38 233 19 87 90 81 
225 45 9 72 237 60 81 20 22 21 29 28 84 8 43 62 56 93 20 248 56 81 11 236 78 75 95 88 83 33 
21 89 48 92 58 73 25 42 1 15 4 236 17 0 26 61 90 86 33 229 83 83 88 53 50 6 82 31 1 63 
23 44 44 21 90 58 50 32 9 80 92 41 5 22 162 196 228 64 90 30 10 30 53 59 110 26 90 78 47 9 
85 44 52 226 67 43 13 241 19 43 19 8 65 0 13 64 7 35 35 57 162 9 42 89 63 20 43 10 1 23 
9 49 67 46 69 45 58 234 29 2 88 125 58 62 86 237 42 48 80 226 249 54 61 243 102 51 30 66 25 71 
2 80 9 72 35 84 91 32 22 63 29 10 54 169 34 40 237 37 86 77 26 48 77 234 232 3 92 50 55 13 
67 20 56 14 38 78 35 89 230 164 18 80 74 66 67 40 232 68 52 255 48 35 102 73 53 51 21 52 74 0 
37 227 53 64 85 13 60 21 19 91 14 237 69 28 253 24 18 234 242 6 63 8 93 110 33 77 18 28 52 47 
55 81 59 45 10 78 62 82 17 55 42 58 1 51 76 93 81 3 12 70 70 62 55 86 41 12 13 14 18 34 
19 47 23 94 76 74 241 18 1 56 225 242 8 90 56 4 71 31 88 36 85 93 8 61 230 18 63 83 49 35 
13 225 25 54 6 45 61 47 18 25 62 19 95 56 255 94 26 83 29 20 38 82 55 70 0 78 44 6 58 39 
73 36 26 238 24 2 49 22 17 165 13 233 89 32 9 233 54 39 1 8 33 74 12 66 19 160 31 9 84 95 
2 225 77 43 171 238 32 74 92 67 55 19 88 33 54 13 2 27 120 49 48 89 99 238 7 55 7 47 13 235 
21 18 55 17 25 5 12 12 17 66 36 90 0 79 3 54 80 72 24 48 35 10 25 37 8 92 26 23 39 38 
59 230 47 35 10 75 80 82 110 201 52 81 0 37 42 167 41 234 250 89 34 27 63 165 23 48 78 80 10 21 
94 87 242 49 51 60 61 12 71 10 71 85 23 51 81 16 49 54 42 59 237 15 51 74 63 49 54 16 66 48 
235 36 1 93 5 26 21 31 36 89 5 6 26 55 234 39 61 34 57 254 2 70 58 94 49 77 86 95 4 87 
35 2 95 65 93 41 10 89 78 59 89 64 49 51 71 161 28 94 65 83 31 241 90 56 90 24 56 41 120 10 
81 224 3 95 45 235 59 22 62 171 232 85 14 46 4 20 73 31 87 59 84 25 35 74 40 24 48 68 225 18 
29 84 232 57 11 38 88 95 58 239 95 20 32 102 114 36 12 74 94 93 49 224 27 77 64 110 53 20 1 250 
229 85 23 62 36 44 117 59 39 93 78 229 11 47 38 80 20 2 167 27 27 87 51 236 25 238 52 40 74 237 
46 232 240 35 64 28 9 56 59 8 77 98 62 243 36 238 90 51 6 90 109 94 54 91 9 44 93 13 69 1 
63 78 2 77 75 22 30 20 77 94 59 20 13 30 41 68 70 91 73 29 38 86 3 167 5 55 60 35 18 64 
84 79 13 78 166 9 30 0 230 45 62 19 13 79 0 81 57 243 57 0 26 59 72 12 34 27 115 11 231 94 
95 31 79 62 10 13 236 59 81 40 227 41 96 228 45 15 238 2 39 85 40 21 75 16 230 92 54 85 90 46 
234 62 49 27 91 15 95 34 11 31 27 41 20 241 33 17 244 18 19 224 98 50 34 77 245 236 1 20 71 13 
81 32 63 30 1 229 86 56 81 40 64 19 81 74 86 94 83 18 82 35 5 47 71 16 14 80 17 16 2 1 
63 91 238 35 5 33 120 56 88 43 229 89 88 160 2 69 38 91 3 8 236 86 82 91 92 17 76 45 84 7 
230 231 72 24 229 54 2 22 14 69 55 32 41 235 77 231 39 84 236 63 73 41 13 47 89 1 1 76 14 127 
8 231 21 230 18 56 10 92 25 8 40 90 18 34 7 58 2 60 86 41 7 56 78 79 71 4 68 72 63 52 
17 16 56 43 82 37 52 59 166 9 33 51 72 62 45 104 62 30 40 2 39 8 74 30 64 94 58 52 21 19 
65 95 36 15 12 83 227 247 25 110 34 82 251 1 5 52 127 52 94 83 31 83 90 52 75 244 57 34 9 22 
87 34 231 247 250 47 76 46 5 126 42 2 94 45 236 49 65 52 57 170 18 38 95 90 52 88 248 26 75 21 
19 88 57 64 24 86 243 55 167 47 236 71 90 6 13 226 57 166 80 22 58 85 57 42 91 48 63 5 20 21 
86 9 15 24 2 58 43 22 226 54 68 7 5 13 72 225 84 20 8 40 29 58 163 232 76 91 38 76 31 51 
23 37 249 84 10 236 94 16 237 41 62 78 90 90 45 33 37 240 83 37 26 85 57 93 28 32 68 2 34 49 
41 45 82 63 248 106 24 6 32 7 95 50 94 2 86 102 89 243 4 35 82 90 5 58 1 240 8 127 75 59 
23 254 73 56 8 242 83 9 37 30 19 37 89 108 227 43 66 49 30 93 12 47 88 101 38 64 88 42 75 23 
103 56 26 90 251 113 40 21 10 0 67 228 91 23 61 33 17 21 92 73 9 45 38 53 55 10 58 32 24 38 
230 45 2 29 54 224 59 32 93 95 31 41 92 9 70 8 52 42 65 33 34 88 63 59 252 52 25 11 230 44 
57 58 5 95 89 6 13 69 74 35 83 38 232 68 36 58 48 40 92 20 227 22 39 37 36 244 240 68 79 81 
53 44 60 91 43 88 69 36 79 85 73 73 64 25 71 33 248 11 18 15 7 57 43 124 44 90 5 8 17 30 
47 18 25 67 1 81 230 15 17 21 11 16 30 41 87 54 54 27 30 5 62 77 8 248 63 35 14 44 56 58 
239 91 29 73 38 16 232 52 51 15 92 243 162 72 93 50 79 40 34 8 79 65 17 31 88 41 87 25 27 25 
30 62 34 55 4 254 29 46 31 89 39 83 229 85 15 21 23 11 35 27 66 52 233 69 48 31 86 5 166 112 
48 13 50 39 89 234 3 55 1 92 102 42 14 7 56 9 84 63 39 65 16 72 53 81 45 6 36 85 23 81 
55 55 39 239 31 65 8 77 11 92 12 1 55 40 59 19 55 2 106 234 28 90 225 21 6 79 250 24 52 2 
9 21 43 17 225 35 62 90 14 48 42 82 28 90 51 24 30 24 0 38 70 55 68 168 44 2 75 75 240 78 
29 246 29 241 38 63 238 89 19 92 19 64 9 80 21 61 60 92 89 24 59 2 11 29 45 44 73 47 73 104 
226 0 12 64 90 1 237 227 12 76 8 46 37 55 68 60 18 15 56 252 87 196 54 81 66 62 92 59 235 29 
25 34 24 36 32 25 27 41 62 22 61 88 2 11 0 95 69 74 6 33 5 26 56 232 11 9 10 70 62 233 
57 81 63 45 71 4 44 15 229 19 68 25 236 72 73 15 21 15 50 58 94 231 167 224 32 30 25 58 94 27 
32 55 32 10 43 16 19 86 123 53 251 74 15 50 44 47 73 67 93 9 25 32 82 28 48 43 65 63 95 53 
119 93 26 52 91 72 59 53 160 42 76 62 23 238 58 61 90 91 87 21 54 19 38 79 35 4 25 34 67 47 
53 18 91 62 10 29 34 87 235 0 42 38 69 94 26 47 4 46 21 69 233 47 11 52 8 3 44 79 53 81 
45 76 57 35 33 48 10 24 237 79 62 44 49 77 32 80 0 82 170 57 23 229 93 13 41 80 7 84 40 46 
56 27 46 38 55 88 246 60 71 74 28 35 17 12 45 95 28 34 4 18 233 16 67 88 6 86 8 12 4 39 
8 28 225 229 53 11 106 53 53 240 230 89 46 91 84 52 50 52 14 56 240 8 224 50 65 2 228 90 63 37 
48 4 12 24 22 21 54 46 77 16 22 22 10 74 92 0 110 235 29 36 34 53 90 63 16 40 255 25 42 7 
83 246 53 77 75 93 18 25 116 36 92 20 240 34 87 19 51 31 46 56 24 16 16 20 40 87 23 37 228 50 
26 44 6 55 45 91 20 25 116 33 80 4 45 37 0 60 38 80 81 40 52 239 22 229 29 24 63 15 5 8 
61 25 17 7 37 17 0 238 46 65 37 64 90 68 23 79 6 30 14 30 89 89 230 6 83 14 6 237 36 94 
63 89 45 71 81 45 236 89 34 80 14 70 14 29 231 24 59 76 60 46 88 57 66 37 90 12 93 77 35 5 
52 56 0 30 72 42 0 45 86 17 58 31 225 59 237 84 45 53 8 226 47 78 34 34 20 49 18 28 21 57 
237 68 90 93 40 65 80 115 235 24 2 46 248 54 39 77 87 58 72 9 15 42 102 48 88 25 73 1 64 93 
33 91 20 57 84 252 49 60 30 40 88 75 81 231 41 239 49 1 59 35 43 251 76 82 226 50 42 45 69 87 
82 68 16 46 28 61 48 68 80 238 1 118 25 36 230 47 242 23 51 5 225 88 9 16 43 33 37 40 77 252 
23 26 63 1 15 54 57 5 111 43 231 28 32 71 88 29 227 46 5 162 8 51 225 34 27 14 37 54 36 89 
41 88 40 13 226 56 8 79 90 28 41 46 0 91 231 31 59 49 30 31 65 88 9 56 61 56 98 38 2 56 
54 31 86 236 238 18 1 86 55 88 98 235 54 39 24 92 37 25 84 81 73 226 229 11 31 59 12 78 51 82 
230 17 95 68 6 52 228 0 93 39 54 17 228 28 93 56 60 56 20 83 123 61 35 54 43 8 64 36 52 91 
16 55 6 86 55 46 2 54 235 79 51 3 226 22 80 95 14 70 82 40 56 55 41 57 79 170 47 32 95 52 
46 18 91 47 44 29 15 31 23 14 12 81 51 31 12 6 41 22 16 52 92 6 3 121 31 51 37 63 14 12 
28 43 8 5 38 19 58 235 62 35 87 29 76 250 30 72 5 122 42 1 10 73 10 80 57 27 9 81 79 46 
89 56 58 225 18 55 229 69 0 41 22 45 46 29 62 9 34 26 22 14 66 234 6 234 12 167 199 236 244 234 
61 48 36 243 77 92 7 70 75 234 59 24 94 17 13 58 16 57 93 59 38 50 52 60 243 12 162 230 6 90 
38 47 17 28 14 21 68 26 72 37 17 27 24 95 30 87 86 36 50 6 18 95 70 3 233 126 121 88 45 39 
45 88 1 238 38 84 17 62 45 160 11 88 233 38 13 100 60 16 66 62 29 31 66 9 59 13 15 125 81 2 
54 73 33 31 33 4 86 5 30 41 15 27 76 88 77 7 73 34 12 40 11 42 80 83 31 38 41 1 80 62 
82 5 62 62 21 43 91 43 68 21 88 15 236 87 239 92 8 229 237 67 204 45 46 91 64 53 93 13 32 23 
109 57 23 38 63 3 12 75 85 240 2 93 80 30 87 80 74 18 39 41 41 60 76 88 25 104 13 48 1 237 
30 49 51 35 50 78 94 23 123 23 28 247 12 55 21 65 57 92 14 43 119 38 228 37 5 72 48 20 54 46 
25 16 228 247 37 63 10 1 32 87 224 59 30 59 66 1 54 43 34 79 246 14 11 58 29 17 91 4 57 87 
32 12 30 11 36 46 94 59 71 85 246 30 59 224 92 4 9 8 241 35 67 88 229 85 98 113 29 46 250 15 
7 55 224 22 11 29 19 19 32 68 8 13 35 37 241 240 238 47 0 53 79 33 6 71 17 49 2 10 93 11 
63 33 6 13 230 44 5 42 23 87 110 44 231 41 36 43 62 54 33 48 6 39 240 30 82 88 10 72 0 80 
27 56 26 17 53 31 79 93 34 4 12 60 75 62 125 38 55 20 232 230 26 87 29 16 122 52 38 10 74 81 
237 245 35 20 225 17 32 124 11 35 235 72 47 68 29 33 31 48 97 55 21 36 7 4 14 8 83 10 120 62 
60 5 78 45 78 41 5 39 94 100 2 32 247 79 26 25 63 84 225 237 91 78 42 41 14 171 39 165 81 71 
51 82 40 23 51 83 22 234 47 61 249 87 226 94 2 3 6 1 81 79 9 247 76 47 237 238 16 45 49 20 
93 5 35 29 3 49 56 38 22 65 86 17 12 68 228 17 31 70 88 0 94 17 94 48 15 65 59 67 3 0 
56 11 245 58 67 49 247 70 39 73 44 19 63 232 235 49 65 238 57 4 13 239 4 12 26 10 233 20 227 237 
91 0 240 33 31 10 9 30 5 88 46 34 240 90 93 38 46 12 227 82 37 29 37 16 11 16 43 17 227 57 
54 5 57 53 240 81 249 89 9 50 82 65 30 45 90 248 31 54 12 15 161 93 11 55 59 29 38 50 59 119 
80 20 36 24 66 2 32 98 21 224 89 68 80 92 72 23 81 69 64 68 91 2 7 2 93 224 91 5 9 50 
10 90 17 69 21 83 111 85 58 53 44 81 63 11 18 247 0 52 95 165 29 94 251 40 34 38 118 229 89 234 
86 27 5 87 64 63 95 83 74 87 70 56 65 30 45 59 60 19 63 121 85 92 51 50 21 230 245 249 231 236 
102 88 247 33 2 24 17 15 0 6 39 82 227 5 242 22 1 68 44 83 16 22 36 69 237 77 23 86 48 243 
14 33 84 37 60 74 34 240 46 27 9 51 53 19 20 7 27 82 21 19 35 80 49 37 12 24 18 0 36 161 
224 53 85 69 61 30 49 119 95 55 51 24 35 22 76 52 28 9 227 16 70 52 56 72 16 25 251 11 18 250 
55 238 230 84 65 14 64 7 80 31 44 14 66 250 245 1 37 7 91 43 70 22 79 22 90 16 3 9 127 8 
42 83 50 20 88 81 85 57 38 82 57 101 88 46 91 47 83 13 93 30 41 32 70 52 79 234 237 70 21 23 
88 61 43 6 37 31 85 29 47 84 81 17 9 17 230 3 65 71 72 26 5 22 110 31 36 26 88 23 1 91 
31 45 63 92 49 12 49 84 2 32 0 16 226 65 53 89 36 53 247 27 70 64 84 10 4 16 18 238 27 63 
91 32 16 6 14 47 90 77 4 94 11 54 25 47 121 24 27 7 50 24 59 74 38 16 56 52 0 50 244 52 
58 85 87 52 11 230 245 49 92 53 17 41 18 57 53 3 50 15 84 6 95 14 39 90 59 88 83 53 32 8 
28 89 93 24 53 57 34 14 236 18 52 120 83 83 55 17 4 36 249 10 53 90 244 76 38 123 232 72 23 63 
65 5 63 92 239 95 111 86 228 245 65 10 84 7 40 22 0 32 11 38 73 70 10 46 58 60 56 73 42 12 
76 7 26 87 233 53 110 228 21 16 60 92 83 226 84 6 63 32 25 52 9 105 227 10 46 56 29 91 37 85 
50 4 47 70 67 29 44 68 96 121 52 237 24 12 16 40 19 106 95 43 38 9 46 59 44 78 41 48 88 90